Data from: amoco_HN

13 data points imported
HRT: 5 - 90
S1:  [0.92, 0.34, 0.25, 0.2, 0.15, 0.13, 0.12, 0.11, 0.1, 0.08, 0.06, 0.05, 0.05]
XT:  [1.3, 0.92, 0.78, 0.68, 0.58, 0.53, 0.47, 0.44, 0.4, 0.35, 0.24, 0.19, 0.15]
S2:  [82.6, 31.89, 15.3, 8.9, 5.4, 4.3, 3.4, 3.0, 2.6, 2.1, 1.4, 1.2, 1.0]
X1:  [1.42, 1.39, 1.35, 1.32, 1.27, 1.24, 1.19, 1.16, 1.15, 1.05, 0.86, 0.72, 0.62]
X2:  [1.12, 1.19, 1.19, 1.17, 1.13, 1.1, 1.06, 1.04, 1.0, 0.94, 0.77, 0.65, 0.56]
Z:   [145, 144, 144, 144, 145, 146, 146, 147, 147, 148, 150, 152, 153]
C:   [75, 123, 139, 146, 150, 151, 153, 153, 154, 155, 159, 160, 162]
CO2: [12.4, 10.9, 10.5, 10.3, 10.1, 10.0, 9.9, 9.8, 9.8, 9.7, 9.6, 9.5, 9.5]
B:   [63, 112, 129, 136, 140, 141, 143, 144, 145, 146, 149, 151, 152]
pH:  [7.01, 7.32, 7.4, 7.43, 7.45, 7.46, 7.47, 7.47, 7.48, 7.48, 7.5, 7.51, 7.51]
qC:  [42.8, 27.9, 22.6, 19.0, 15.3, 13.6, 11.7, 10.6, 9.4, 7.9, 4.8, 3.5, 2.8]
PC:  [0.41, 0.37, 0.36, 0.36, 0.36, 0.36, 0.36, 0.36, 0.36, 0.36, 0.36, 0.36, 0.36]
qM:  [62.4, 46.9, 39.6, 33.8, 27.5, 24.4, 20.9, 19.1, 16.9, 14.2, 8.7, 6.3, 4.9]


Influent data:
S1in: 0.012
S2in: 0.0004992300029064735
Cin:  40.0
XTin: 32.0


== Results k6 w RMSE ==
Success: True
Solution: [455.21019114]
RMSE: 4.105514484446989
Iterations: 12
======================= 

== Results khyd w RMSE ==
Success: True
Solution: [4.06952936]
RMSE: 0.08728084549141327
Iterations: 19
========================= 

== Results k1 w LIN ==
Solution: [[30.87297443]]
q: 0
SCORE: 0.7718602620948516
====================== 

== Results kLa w LIN ==
Solution: [[26.10755612]]
q: 0
SCORE: 0.9512884360282446
======================= 